"tick","Open Jobs","Done Jobs"
0.0,0.0,0.0
1.0,9.0,0.0
2.0,9.0,0.0
3.0,9.0,0.0
4.0,9.0,0.0
5.0,9.0,1.0
6.0,8.0,1.0
7.0,8.0,1.0
8.0,8.0,1.0
9.0,8.0,2.0
10.0,7.0,2.0
11.0,7.0,2.0
12.0,7.0,2.0
13.0,7.0,3.0
14.0,6.0,3.0
15.0,6.0,3.0
16.0,6.0,4.0
17.0,5.0,4.0
18.0,5.0,4.0
19.0,5.0,4.0
20.0,5.0,4.0
21.0,5.0,4.0
22.0,5.0,4.0
23.0,5.0,4.0
24.0,5.0,4.0
25.0,5.0,4.0
26.0,5.0,4.0
27.0,5.0,4.0
28.0,5.0,4.0
29.0,5.0,4.0
30.0,5.0,4.0
31.0,5.0,4.0
32.0,5.0,4.0
33.0,5.0,4.0
34.0,5.0,4.0
35.0,5.0,4.0
36.0,5.0,4.0
37.0,5.0,4.0
38.0,5.0,4.0
39.0,5.0,4.0
40.0,5.0,4.0
41.0,5.0,4.0
42.0,5.0,4.0
43.0,5.0,4.0
44.0,5.0,4.0
45.0,5.0,4.0
46.0,5.0,4.0
47.0,5.0,4.0
48.0,5.0,4.0
49.0,5.0,4.0
50.0,5.0,4.0
51.0,5.0,4.0
52.0,5.0,4.0
53.0,5.0,4.0
54.0,5.0,4.0
55.0,5.0,4.0
56.0,5.0,4.0
57.0,5.0,4.0
58.0,5.0,4.0
59.0,5.0,4.0
60.0,5.0,4.0
61.0,5.0,4.0
62.0,5.0,4.0
63.0,5.0,4.0
64.0,5.0,4.0
65.0,5.0,4.0
66.0,5.0,4.0
67.0,5.0,4.0
68.0,5.0,4.0
69.0,5.0,4.0
70.0,5.0,4.0
71.0,5.0,4.0
72.0,5.0,4.0
73.0,5.0,4.0
74.0,5.0,4.0
75.0,5.0,4.0
76.0,5.0,4.0
77.0,5.0,4.0
78.0,5.0,4.0
79.0,5.0,4.0
80.0,5.0,4.0
81.0,5.0,4.0
82.0,5.0,4.0
83.0,5.0,4.0
84.0,5.0,4.0
85.0,5.0,4.0
86.0,5.0,4.0
87.0,5.0,4.0
88.0,5.0,4.0
89.0,5.0,4.0
90.0,5.0,4.0
91.0,5.0,4.0
92.0,5.0,4.0
93.0,5.0,4.0
94.0,5.0,4.0
95.0,5.0,4.0
96.0,5.0,4.0
97.0,5.0,4.0
98.0,5.0,4.0
99.0,5.0,4.0
100.0,5.0,4.0
101.0,5.0,4.0
102.0,5.0,4.0
103.0,5.0,4.0
104.0,5.0,4.0
105.0,5.0,4.0
106.0,5.0,4.0
107.0,5.0,4.0
108.0,5.0,4.0
109.0,5.0,4.0
110.0,5.0,4.0
111.0,5.0,4.0
112.0,5.0,4.0
113.0,5.0,4.0
114.0,5.0,4.0
115.0,5.0,4.0
116.0,5.0,4.0
117.0,5.0,4.0
118.0,5.0,4.0
119.0,5.0,4.0
120.0,5.0,4.0
121.0,5.0,4.0
122.0,5.0,4.0
123.0,5.0,4.0
124.0,5.0,4.0
125.0,5.0,4.0
126.0,5.0,4.0
127.0,5.0,4.0
128.0,5.0,4.0
129.0,5.0,4.0
130.0,5.0,4.0
131.0,5.0,4.0
132.0,5.0,4.0
133.0,5.0,4.0
134.0,5.0,4.0
135.0,5.0,4.0
136.0,5.0,4.0
137.0,5.0,4.0
138.0,5.0,4.0
139.0,5.0,4.0
140.0,5.0,4.0
141.0,5.0,4.0
142.0,5.0,4.0
143.0,5.0,4.0
144.0,5.0,4.0
145.0,5.0,4.0
146.0,5.0,4.0
147.0,5.0,4.0
148.0,5.0,4.0
149.0,5.0,4.0
150.0,5.0,4.0
151.0,5.0,4.0
152.0,5.0,4.0
153.0,5.0,4.0
154.0,5.0,4.0
155.0,5.0,4.0
156.0,5.0,4.0
157.0,5.0,4.0
158.0,5.0,4.0
159.0,5.0,4.0
160.0,5.0,4.0
161.0,5.0,4.0
162.0,5.0,4.0
163.0,5.0,4.0
164.0,5.0,4.0
165.0,5.0,4.0
166.0,5.0,4.0
167.0,5.0,4.0
168.0,5.0,4.0
169.0,5.0,4.0
170.0,5.0,4.0
171.0,5.0,4.0
172.0,5.0,4.0
173.0,5.0,4.0
174.0,5.0,4.0
175.0,5.0,4.0
176.0,5.0,4.0
177.0,5.0,4.0
178.0,5.0,4.0
179.0,5.0,4.0
180.0,5.0,4.0
181.0,5.0,4.0
182.0,5.0,4.0
183.0,5.0,4.0
184.0,5.0,4.0
185.0,5.0,4.0
186.0,5.0,4.0
187.0,5.0,4.0
188.0,5.0,4.0
189.0,5.0,4.0
190.0,5.0,4.0
191.0,5.0,4.0
192.0,5.0,4.0
193.0,5.0,4.0
194.0,5.0,4.0
195.0,5.0,4.0
196.0,5.0,4.0
197.0,5.0,4.0
198.0,5.0,4.0
199.0,5.0,4.0
200.0,5.0,4.0
201.0,5.0,4.0
202.0,5.0,4.0
203.0,5.0,4.0
204.0,5.0,4.0
205.0,5.0,4.0
206.0,5.0,4.0
207.0,5.0,4.0
208.0,5.0,4.0
209.0,5.0,4.0
210.0,5.0,4.0
211.0,5.0,4.0
212.0,5.0,4.0
213.0,5.0,4.0
214.0,5.0,4.0
215.0,5.0,4.0
216.0,5.0,4.0
217.0,5.0,4.0
218.0,5.0,4.0
219.0,5.0,4.0
220.0,5.0,4.0
221.0,5.0,4.0
222.0,5.0,4.0
223.0,5.0,4.0
224.0,5.0,4.0
225.0,5.0,4.0
226.0,5.0,4.0
227.0,5.0,4.0
228.0,5.0,4.0
229.0,5.0,4.0
230.0,5.0,4.0
231.0,5.0,4.0
232.0,5.0,4.0
233.0,5.0,4.0
234.0,5.0,4.0
235.0,5.0,4.0
236.0,5.0,4.0
237.0,5.0,4.0
238.0,5.0,4.0
239.0,5.0,4.0
240.0,5.0,4.0
241.0,5.0,4.0
242.0,5.0,4.0
243.0,5.0,4.0
244.0,5.0,4.0
245.0,5.0,4.0
246.0,5.0,4.0
247.0,5.0,4.0
248.0,5.0,4.0
249.0,5.0,4.0
250.0,5.0,4.0
251.0,5.0,4.0
252.0,5.0,4.0
253.0,5.0,4.0
254.0,5.0,4.0
255.0,5.0,4.0
256.0,5.0,4.0
257.0,5.0,4.0
258.0,5.0,4.0
259.0,5.0,4.0
260.0,5.0,4.0
261.0,5.0,4.0
262.0,5.0,4.0
263.0,5.0,4.0
264.0,5.0,4.0
265.0,5.0,4.0
266.0,5.0,4.0
267.0,5.0,4.0
268.0,5.0,4.0
269.0,5.0,4.0
270.0,5.0,4.0
271.0,5.0,4.0
272.0,5.0,4.0
273.0,5.0,4.0
274.0,5.0,4.0
275.0,5.0,4.0
276.0,5.0,4.0
277.0,5.0,4.0
278.0,5.0,4.0
279.0,5.0,4.0
280.0,5.0,4.0
281.0,5.0,4.0
282.0,5.0,4.0
283.0,5.0,4.0
284.0,5.0,4.0
285.0,5.0,4.0
286.0,5.0,4.0
287.0,5.0,4.0
288.0,5.0,4.0
289.0,5.0,4.0
290.0,5.0,4.0
291.0,5.0,4.0
292.0,5.0,4.0
293.0,5.0,4.0
294.0,5.0,4.0
295.0,5.0,4.0
296.0,5.0,4.0
297.0,5.0,4.0
298.0,5.0,4.0
299.0,5.0,4.0
300.0,5.0,4.0
301.0,5.0,4.0
302.0,5.0,4.0
303.0,5.0,4.0
304.0,5.0,4.0
305.0,5.0,4.0
306.0,5.0,4.0
307.0,5.0,4.0
308.0,5.0,4.0
309.0,5.0,4.0
310.0,5.0,4.0
311.0,5.0,4.0
312.0,5.0,4.0
313.0,5.0,4.0
314.0,5.0,4.0
315.0,5.0,4.0
316.0,5.0,4.0
317.0,5.0,4.0
318.0,5.0,4.0
319.0,5.0,4.0
320.0,5.0,4.0
321.0,5.0,4.0
322.0,5.0,4.0
323.0,5.0,4.0
324.0,5.0,4.0
325.0,5.0,4.0
326.0,5.0,4.0
327.0,5.0,4.0
328.0,5.0,4.0
329.0,5.0,4.0
330.0,5.0,4.0
331.0,5.0,4.0
332.0,5.0,4.0
333.0,5.0,4.0
334.0,5.0,4.0
335.0,5.0,4.0
336.0,5.0,4.0
337.0,5.0,4.0
338.0,5.0,4.0
339.0,5.0,4.0
340.0,5.0,4.0
341.0,5.0,4.0
342.0,5.0,4.0
343.0,5.0,4.0
344.0,5.0,4.0
345.0,5.0,4.0
346.0,5.0,4.0
347.0,5.0,4.0
348.0,5.0,4.0
349.0,5.0,4.0
350.0,5.0,4.0
351.0,5.0,4.0
352.0,5.0,4.0
353.0,5.0,4.0
354.0,5.0,4.0
355.0,5.0,4.0
356.0,5.0,4.0
357.0,5.0,4.0
358.0,5.0,4.0
359.0,5.0,4.0
360.0,5.0,4.0
361.0,5.0,4.0
362.0,5.0,4.0
363.0,5.0,4.0
364.0,5.0,4.0
365.0,5.0,4.0
366.0,5.0,4.0
367.0,5.0,4.0
368.0,5.0,4.0
369.0,5.0,4.0
370.0,5.0,4.0
371.0,5.0,4.0
372.0,5.0,4.0
373.0,5.0,4.0
374.0,5.0,4.0
375.0,5.0,4.0
376.0,5.0,4.0
377.0,5.0,4.0
378.0,5.0,4.0
379.0,5.0,4.0
380.0,5.0,4.0
381.0,5.0,4.0
382.0,5.0,4.0
383.0,5.0,4.0
384.0,5.0,4.0
385.0,5.0,4.0
386.0,5.0,4.0
387.0,5.0,4.0
388.0,5.0,4.0
389.0,5.0,4.0
390.0,5.0,4.0
391.0,5.0,4.0
392.0,5.0,4.0
393.0,5.0,4.0
394.0,5.0,4.0
395.0,5.0,4.0
396.0,5.0,4.0
397.0,5.0,4.0
398.0,5.0,4.0
399.0,5.0,4.0
400.0,5.0,4.0
401.0,5.0,4.0
402.0,5.0,4.0
403.0,5.0,4.0
404.0,5.0,4.0
405.0,5.0,4.0
406.0,5.0,4.0
407.0,5.0,4.0
408.0,5.0,4.0
409.0,5.0,4.0
410.0,5.0,4.0
411.0,5.0,4.0
412.0,5.0,4.0
413.0,5.0,4.0
414.0,5.0,4.0
415.0,5.0,4.0
416.0,5.0,4.0
417.0,5.0,4.0
418.0,5.0,4.0
419.0,5.0,4.0
420.0,5.0,4.0
421.0,5.0,4.0
422.0,5.0,4.0
423.0,5.0,4.0
424.0,5.0,4.0
425.0,5.0,4.0
426.0,5.0,4.0
427.0,5.0,4.0
428.0,5.0,4.0
429.0,5.0,4.0
430.0,5.0,4.0
431.0,5.0,4.0
432.0,5.0,4.0
433.0,5.0,4.0
434.0,5.0,4.0
435.0,5.0,4.0
436.0,5.0,4.0
437.0,5.0,4.0
438.0,5.0,4.0
439.0,5.0,4.0
440.0,5.0,4.0
441.0,5.0,4.0
442.0,5.0,4.0
443.0,5.0,4.0
444.0,5.0,4.0
445.0,5.0,4.0
446.0,5.0,4.0
447.0,5.0,4.0
448.0,5.0,4.0
449.0,5.0,4.0
450.0,5.0,4.0
451.0,5.0,4.0
452.0,5.0,4.0
453.0,5.0,4.0
454.0,5.0,4.0
455.0,5.0,4.0
456.0,5.0,4.0
457.0,5.0,4.0
458.0,5.0,4.0
459.0,5.0,4.0
460.0,5.0,4.0
461.0,5.0,4.0
462.0,5.0,4.0
463.0,5.0,4.0
464.0,5.0,4.0
465.0,5.0,4.0
466.0,5.0,4.0
467.0,5.0,4.0
468.0,5.0,4.0
469.0,5.0,4.0
470.0,5.0,4.0
471.0,5.0,4.0
472.0,5.0,4.0
473.0,5.0,4.0
474.0,5.0,4.0
475.0,5.0,4.0
476.0,5.0,4.0
477.0,5.0,4.0
478.0,5.0,4.0
479.0,5.0,4.0
480.0,5.0,4.0
481.0,5.0,4.0
482.0,5.0,4.0
483.0,5.0,4.0
484.0,5.0,4.0
485.0,5.0,4.0
486.0,5.0,4.0
487.0,5.0,4.0
488.0,5.0,4.0
489.0,5.0,4.0
490.0,5.0,4.0
491.0,5.0,4.0
492.0,5.0,4.0
493.0,5.0,4.0
494.0,5.0,4.0
495.0,5.0,4.0
496.0,5.0,4.0
497.0,5.0,4.0
498.0,5.0,4.0
499.0,5.0,4.0
500.0,5.0,4.0
501.0,5.0,4.0
502.0,5.0,4.0
503.0,5.0,4.0
504.0,5.0,4.0
505.0,5.0,4.0
506.0,5.0,4.0
507.0,5.0,4.0
508.0,5.0,4.0
509.0,5.0,4.0
510.0,5.0,4.0
511.0,5.0,4.0
512.0,5.0,4.0
513.0,5.0,4.0
514.0,5.0,4.0
515.0,5.0,4.0
516.0,5.0,4.0
517.0,5.0,4.0
518.0,5.0,4.0
519.0,5.0,4.0
520.0,5.0,4.0
521.0,5.0,4.0
522.0,5.0,4.0
523.0,5.0,4.0
524.0,5.0,4.0
525.0,5.0,4.0
526.0,5.0,4.0
527.0,5.0,4.0
528.0,5.0,4.0
529.0,5.0,4.0
530.0,5.0,4.0
531.0,5.0,4.0
532.0,5.0,4.0
533.0,5.0,4.0
534.0,5.0,4.0
535.0,5.0,4.0
536.0,5.0,4.0
537.0,5.0,4.0
538.0,5.0,4.0
539.0,5.0,4.0
540.0,5.0,4.0
541.0,5.0,4.0
542.0,5.0,4.0
543.0,5.0,4.0
544.0,5.0,4.0
545.0,5.0,4.0
546.0,5.0,4.0
547.0,5.0,4.0
548.0,5.0,4.0
549.0,5.0,4.0
550.0,5.0,4.0
551.0,5.0,4.0
552.0,5.0,4.0
553.0,5.0,4.0
554.0,5.0,4.0
555.0,5.0,4.0
556.0,5.0,4.0
557.0,5.0,4.0
558.0,5.0,4.0
559.0,5.0,4.0
560.0,5.0,4.0
561.0,5.0,4.0
562.0,5.0,4.0
563.0,5.0,4.0
564.0,5.0,4.0
565.0,5.0,4.0
566.0,5.0,4.0
567.0,5.0,4.0
568.0,5.0,4.0
569.0,5.0,4.0
570.0,5.0,4.0
571.0,5.0,4.0
572.0,5.0,4.0
573.0,5.0,4.0
574.0,5.0,4.0
575.0,5.0,4.0
576.0,5.0,4.0
577.0,5.0,4.0
578.0,5.0,4.0
579.0,5.0,4.0
580.0,5.0,4.0
581.0,5.0,4.0
582.0,5.0,4.0
583.0,5.0,4.0
584.0,5.0,4.0
585.0,5.0,4.0
586.0,5.0,4.0
587.0,5.0,4.0
588.0,5.0,4.0
589.0,5.0,4.0
590.0,5.0,4.0
591.0,5.0,4.0
592.0,5.0,4.0
593.0,5.0,4.0
594.0,5.0,4.0
595.0,5.0,4.0
596.0,5.0,4.0
597.0,5.0,4.0
598.0,5.0,4.0
599.0,5.0,4.0
600.0,5.0,4.0
601.0,5.0,4.0
602.0,5.0,4.0
603.0,5.0,4.0
604.0,5.0,4.0
605.0,5.0,4.0
606.0,5.0,4.0
607.0,5.0,4.0
608.0,5.0,4.0
609.0,5.0,4.0
610.0,5.0,4.0
611.0,5.0,4.0
612.0,5.0,4.0
613.0,5.0,4.0
614.0,5.0,4.0
615.0,5.0,4.0
616.0,5.0,4.0
617.0,5.0,4.0
618.0,5.0,4.0
619.0,5.0,4.0
620.0,5.0,4.0
621.0,5.0,4.0
622.0,5.0,4.0
623.0,5.0,4.0
624.0,5.0,4.0
625.0,5.0,4.0
626.0,5.0,4.0
627.0,5.0,4.0
628.0,5.0,4.0
629.0,5.0,4.0
630.0,5.0,4.0
631.0,5.0,4.0
632.0,5.0,4.0
633.0,5.0,4.0
634.0,5.0,4.0
635.0,5.0,4.0
636.0,5.0,4.0
637.0,5.0,4.0
638.0,5.0,4.0
639.0,5.0,4.0
640.0,5.0,4.0
641.0,5.0,4.0
642.0,5.0,4.0
643.0,5.0,4.0
644.0,5.0,4.0
645.0,5.0,4.0
646.0,5.0,4.0
647.0,5.0,4.0
648.0,5.0,4.0
649.0,5.0,4.0
650.0,5.0,4.0
651.0,5.0,4.0
652.0,5.0,4.0
653.0,5.0,4.0
654.0,5.0,4.0
655.0,5.0,4.0
656.0,5.0,4.0
657.0,5.0,4.0
658.0,5.0,4.0
659.0,5.0,4.0
660.0,5.0,4.0
661.0,5.0,4.0
662.0,5.0,4.0
663.0,5.0,4.0
664.0,5.0,4.0
665.0,5.0,4.0
666.0,5.0,4.0
667.0,5.0,4.0
668.0,5.0,4.0
669.0,5.0,4.0
670.0,5.0,4.0
671.0,5.0,4.0
672.0,5.0,4.0
673.0,5.0,4.0
674.0,5.0,4.0
675.0,5.0,4.0
676.0,5.0,4.0
677.0,5.0,4.0
678.0,5.0,4.0
679.0,5.0,4.0
680.0,5.0,4.0
681.0,5.0,4.0
682.0,5.0,4.0
683.0,5.0,4.0
684.0,5.0,4.0
685.0,5.0,4.0
686.0,5.0,4.0
687.0,5.0,4.0
688.0,5.0,4.0
689.0,5.0,4.0
690.0,5.0,4.0
691.0,5.0,4.0
692.0,5.0,4.0
693.0,5.0,4.0
694.0,5.0,4.0
695.0,5.0,4.0
696.0,5.0,4.0
697.0,5.0,4.0
698.0,5.0,4.0
699.0,5.0,4.0
700.0,5.0,4.0
701.0,5.0,4.0
702.0,5.0,4.0
703.0,5.0,4.0
704.0,5.0,4.0
705.0,5.0,4.0
706.0,5.0,4.0
707.0,5.0,4.0
708.0,5.0,4.0
709.0,5.0,4.0
710.0,5.0,4.0
711.0,5.0,4.0
712.0,5.0,4.0
713.0,5.0,4.0
714.0,5.0,4.0
715.0,5.0,4.0
716.0,5.0,4.0
717.0,5.0,4.0
718.0,5.0,4.0
719.0,5.0,4.0
720.0,5.0,4.0
721.0,5.0,4.0
722.0,5.0,4.0
723.0,5.0,4.0
724.0,5.0,4.0
725.0,5.0,4.0
726.0,5.0,4.0
727.0,5.0,4.0
728.0,5.0,4.0
729.0,5.0,4.0
730.0,5.0,4.0
731.0,5.0,4.0
732.0,5.0,4.0
733.0,5.0,4.0
734.0,5.0,4.0
735.0,5.0,4.0
736.0,5.0,4.0
737.0,5.0,4.0
738.0,5.0,4.0
739.0,5.0,4.0
740.0,5.0,4.0
741.0,5.0,4.0
742.0,5.0,4.0
743.0,5.0,4.0
744.0,5.0,4.0
745.0,5.0,4.0
746.0,5.0,4.0
747.0,5.0,4.0
748.0,5.0,4.0
749.0,5.0,4.0
750.0,5.0,4.0
751.0,5.0,4.0
752.0,5.0,4.0
753.0,5.0,4.0
754.0,5.0,4.0
755.0,5.0,4.0
756.0,5.0,4.0
757.0,5.0,4.0
758.0,5.0,4.0
759.0,5.0,4.0
760.0,5.0,4.0
761.0,5.0,4.0
762.0,5.0,4.0
763.0,5.0,4.0
764.0,5.0,4.0
765.0,5.0,4.0
766.0,5.0,4.0
767.0,5.0,4.0
768.0,5.0,4.0
769.0,5.0,4.0
770.0,5.0,4.0
771.0,5.0,4.0
772.0,5.0,4.0
773.0,5.0,4.0
774.0,5.0,4.0
775.0,5.0,4.0
776.0,5.0,4.0
777.0,5.0,4.0
778.0,5.0,4.0
779.0,5.0,4.0
780.0,5.0,4.0
781.0,5.0,4.0
782.0,5.0,4.0
783.0,5.0,4.0
784.0,5.0,4.0
785.0,5.0,4.0
786.0,5.0,4.0
787.0,5.0,4.0
788.0,5.0,4.0
789.0,5.0,4.0
790.0,5.0,4.0
791.0,5.0,4.0
792.0,5.0,4.0
793.0,5.0,4.0
794.0,5.0,4.0
795.0,5.0,4.0
796.0,5.0,4.0
797.0,5.0,4.0
798.0,5.0,4.0
799.0,5.0,4.0
800.0,5.0,4.0
801.0,5.0,4.0
802.0,5.0,4.0
803.0,5.0,4.0
804.0,5.0,4.0
805.0,5.0,4.0
806.0,5.0,4.0
807.0,5.0,4.0
808.0,5.0,4.0
809.0,5.0,4.0
810.0,5.0,4.0
811.0,5.0,4.0
812.0,5.0,4.0
813.0,5.0,4.0
814.0,5.0,4.0
815.0,5.0,4.0
816.0,5.0,4.0
817.0,5.0,4.0
818.0,5.0,4.0
819.0,5.0,4.0
820.0,5.0,4.0
821.0,5.0,4.0
822.0,5.0,4.0
823.0,5.0,4.0
824.0,5.0,4.0
825.0,5.0,4.0
826.0,5.0,4.0
827.0,5.0,4.0
828.0,5.0,4.0
829.0,5.0,4.0
830.0,5.0,4.0
831.0,5.0,4.0
832.0,5.0,4.0
833.0,5.0,4.0
834.0,5.0,4.0
835.0,5.0,4.0
836.0,5.0,4.0
837.0,5.0,4.0
838.0,5.0,4.0
839.0,5.0,4.0
840.0,5.0,4.0
841.0,5.0,4.0
842.0,5.0,4.0
843.0,5.0,4.0
844.0,5.0,4.0
845.0,5.0,4.0
846.0,5.0,4.0
847.0,5.0,4.0
848.0,5.0,4.0
849.0,5.0,4.0
850.0,5.0,4.0
851.0,5.0,4.0
852.0,5.0,4.0
853.0,5.0,4.0
854.0,5.0,4.0
855.0,5.0,4.0
856.0,5.0,4.0
857.0,5.0,4.0
858.0,5.0,4.0
859.0,5.0,4.0
860.0,5.0,4.0
861.0,5.0,4.0
862.0,5.0,4.0
863.0,5.0,4.0
864.0,5.0,4.0
865.0,5.0,4.0
866.0,5.0,4.0
867.0,5.0,4.0
868.0,5.0,4.0
869.0,5.0,4.0
870.0,5.0,4.0
871.0,5.0,4.0
872.0,5.0,4.0
873.0,5.0,4.0
874.0,5.0,4.0
875.0,5.0,4.0
876.0,5.0,4.0
877.0,5.0,4.0
878.0,5.0,4.0
879.0,5.0,4.0
880.0,5.0,4.0
881.0,5.0,4.0
882.0,5.0,4.0
883.0,5.0,4.0
884.0,5.0,4.0
885.0,5.0,4.0
886.0,5.0,4.0
887.0,5.0,4.0
888.0,5.0,4.0
889.0,5.0,4.0
890.0,5.0,4.0
891.0,5.0,4.0
892.0,5.0,4.0
893.0,5.0,4.0
894.0,5.0,4.0
895.0,5.0,4.0
896.0,5.0,4.0
897.0,5.0,4.0
898.0,5.0,4.0
899.0,5.0,4.0
900.0,5.0,4.0
901.0,5.0,4.0
902.0,5.0,4.0
903.0,5.0,4.0
904.0,5.0,4.0
905.0,5.0,4.0
906.0,5.0,4.0
907.0,5.0,4.0
908.0,5.0,4.0
909.0,5.0,4.0
910.0,5.0,4.0
911.0,5.0,4.0
912.0,5.0,4.0
913.0,5.0,4.0
914.0,5.0,4.0
915.0,5.0,4.0
916.0,5.0,4.0
917.0,5.0,4.0
918.0,5.0,4.0
919.0,5.0,4.0
920.0,5.0,4.0
921.0,5.0,4.0
922.0,5.0,4.0
923.0,5.0,4.0
924.0,5.0,4.0
925.0,5.0,4.0
926.0,5.0,4.0
927.0,5.0,4.0
928.0,5.0,4.0
929.0,5.0,4.0
930.0,5.0,4.0
931.0,5.0,4.0
932.0,5.0,4.0
933.0,5.0,4.0
934.0,5.0,4.0
935.0,5.0,4.0
936.0,5.0,4.0
937.0,5.0,4.0
938.0,5.0,4.0
939.0,5.0,4.0
940.0,5.0,4.0
941.0,5.0,4.0
942.0,5.0,4.0
943.0,5.0,4.0
944.0,5.0,4.0
945.0,5.0,4.0
946.0,5.0,4.0
947.0,5.0,4.0
948.0,5.0,4.0
949.0,5.0,4.0
950.0,5.0,4.0
951.0,5.0,4.0
952.0,5.0,4.0
953.0,5.0,4.0
954.0,5.0,4.0
955.0,5.0,4.0
956.0,5.0,4.0
957.0,5.0,4.0
958.0,5.0,4.0
959.0,5.0,4.0
960.0,5.0,4.0
961.0,5.0,4.0
962.0,5.0,4.0
963.0,5.0,4.0
964.0,5.0,4.0
965.0,5.0,4.0
966.0,5.0,4.0
967.0,5.0,4.0
968.0,5.0,4.0
969.0,5.0,4.0
970.0,5.0,4.0
971.0,5.0,4.0
972.0,5.0,4.0
973.0,5.0,4.0
974.0,5.0,4.0
975.0,5.0,4.0
976.0,5.0,4.0
977.0,5.0,4.0
978.0,5.0,4.0
979.0,5.0,4.0
980.0,5.0,4.0
981.0,5.0,4.0
982.0,5.0,4.0
983.0,5.0,4.0
984.0,5.0,4.0
985.0,5.0,4.0
986.0,5.0,4.0
987.0,5.0,4.0
988.0,5.0,4.0
989.0,5.0,4.0
990.0,5.0,4.0
991.0,5.0,4.0
992.0,5.0,4.0
993.0,5.0,4.0
994.0,5.0,4.0
995.0,5.0,4.0
996.0,5.0,4.0
997.0,5.0,4.0
998.0,5.0,4.0
999.0,5.0,4.0
1000.0,5.0,4.0
1001.0,5.0,4.0
1002.0,5.0,4.0
1003.0,5.0,4.0
1004.0,5.0,4.0
1005.0,5.0,4.0
1006.0,5.0,4.0
1007.0,5.0,4.0
1008.0,5.0,4.0
1009.0,5.0,4.0
1010.0,5.0,4.0
1011.0,5.0,4.0
1012.0,5.0,4.0
1013.0,5.0,4.0
1014.0,5.0,4.0
1015.0,5.0,4.0
1016.0,5.0,4.0
1017.0,5.0,4.0
1018.0,5.0,4.0
1019.0,5.0,4.0
1020.0,5.0,4.0
1021.0,5.0,4.0
1022.0,5.0,4.0
1023.0,5.0,4.0
1024.0,5.0,4.0
1025.0,5.0,4.0
1026.0,5.0,4.0
1027.0,5.0,4.0
1028.0,5.0,4.0
1029.0,5.0,4.0
1030.0,5.0,4.0
1031.0,5.0,4.0
1032.0,5.0,4.0
1033.0,5.0,4.0
1034.0,5.0,4.0
1035.0,5.0,4.0
1036.0,5.0,4.0
1037.0,5.0,4.0
1038.0,5.0,4.0
1039.0,5.0,4.0
1040.0,5.0,4.0
1041.0,5.0,4.0
1042.0,5.0,4.0
1043.0,5.0,4.0
1044.0,5.0,4.0
1045.0,5.0,4.0
1046.0,5.0,4.0
1047.0,5.0,4.0
1048.0,5.0,4.0
1049.0,5.0,4.0
1050.0,5.0,4.0
1051.0,5.0,4.0
1052.0,5.0,4.0
1053.0,5.0,4.0
1054.0,5.0,4.0
1055.0,5.0,4.0
1056.0,5.0,4.0
1057.0,5.0,4.0
1058.0,5.0,4.0
1059.0,5.0,4.0
1060.0,5.0,4.0
1061.0,5.0,4.0
1062.0,5.0,4.0
1063.0,5.0,4.0
1064.0,5.0,4.0
1065.0,5.0,4.0
1066.0,5.0,4.0
1067.0,5.0,4.0
1068.0,5.0,4.0
1069.0,5.0,4.0
1070.0,5.0,4.0
1071.0,5.0,4.0
1072.0,5.0,4.0
1073.0,5.0,4.0
1074.0,5.0,4.0
1075.0,5.0,4.0
1076.0,5.0,4.0
1077.0,5.0,4.0
1078.0,5.0,4.0
1079.0,5.0,4.0
1080.0,5.0,4.0
1081.0,5.0,4.0
1082.0,5.0,4.0
1083.0,5.0,4.0
1084.0,5.0,4.0
1085.0,5.0,4.0
1086.0,5.0,4.0
1087.0,5.0,4.0
1088.0,5.0,4.0
1089.0,5.0,4.0
1090.0,5.0,4.0
1091.0,5.0,4.0
1092.0,5.0,4.0
1093.0,5.0,4.0
1094.0,5.0,4.0
1095.0,5.0,4.0
1096.0,5.0,4.0
1097.0,5.0,4.0
1098.0,5.0,4.0
1099.0,5.0,4.0
1100.0,5.0,4.0
1101.0,5.0,4.0
1102.0,5.0,4.0
1103.0,5.0,4.0
1104.0,5.0,4.0
1105.0,5.0,4.0
1106.0,5.0,4.0
1107.0,5.0,4.0
1108.0,5.0,4.0
1109.0,5.0,4.0
1110.0,5.0,4.0
1111.0,5.0,4.0
1112.0,5.0,4.0
1113.0,5.0,4.0
1114.0,5.0,4.0
1115.0,5.0,4.0
1116.0,5.0,4.0
1117.0,5.0,4.0
1118.0,5.0,4.0
1119.0,5.0,4.0
1120.0,5.0,4.0
1121.0,5.0,4.0
1122.0,5.0,4.0
1123.0,5.0,4.0
1124.0,5.0,4.0
1125.0,5.0,4.0
1126.0,5.0,4.0
1127.0,5.0,4.0
1128.0,5.0,4.0
1129.0,5.0,4.0
1130.0,5.0,4.0
