"tick","Open Jobs","Done Jobs"
0.0,0.0,0.0
1.0,429.0,0.0
2.0,429.0,0.0
3.0,429.0,0.0
4.0,429.0,0.0
5.0,429.0,0.0
6.0,429.0,0.0
7.0,429.0,0.0
8.0,429.0,0.0
9.0,429.0,0.0
10.0,429.0,0.0
11.0,429.0,0.0
12.0,429.0,0.0
13.0,429.0,0.0
14.0,429.0,0.0
15.0,429.0,0.0
16.0,429.0,0.0
17.0,429.0,0.0
18.0,429.0,0.0
19.0,429.0,0.0
20.0,429.0,0.0
21.0,429.0,0.0
22.0,429.0,0.0
23.0,429.0,0.0
24.0,429.0,0.0
25.0,429.0,0.0
26.0,429.0,0.0
27.0,429.0,0.0
28.0,429.0,0.0
29.0,429.0,0.0
30.0,429.0,0.0
31.0,429.0,0.0
32.0,429.0,0.0
33.0,429.0,0.0
34.0,429.0,0.0
35.0,429.0,0.0
36.0,429.0,0.0
37.0,429.0,0.0
38.0,429.0,0.0
39.0,429.0,0.0
40.0,429.0,0.0
41.0,429.0,0.0
42.0,429.0,0.0
43.0,429.0,0.0
44.0,429.0,0.0
45.0,429.0,0.0
46.0,429.0,0.0
47.0,429.0,0.0
48.0,429.0,0.0
49.0,429.0,0.0
50.0,429.0,0.0
51.0,429.0,0.0
52.0,429.0,0.0
53.0,429.0,0.0
54.0,429.0,0.0
55.0,429.0,0.0
56.0,429.0,0.0
57.0,429.0,0.0
58.0,429.0,0.0
59.0,429.0,0.0
60.0,429.0,0.0
61.0,429.0,0.0
62.0,429.0,0.0
63.0,429.0,0.0
64.0,429.0,0.0
65.0,429.0,0.0
66.0,429.0,0.0
67.0,429.0,0.0
68.0,429.0,0.0
69.0,429.0,0.0
70.0,429.0,0.0
71.0,429.0,0.0
72.0,429.0,0.0
73.0,429.0,0.0
74.0,429.0,0.0
75.0,429.0,0.0
76.0,429.0,0.0
77.0,429.0,0.0
78.0,429.0,0.0
79.0,429.0,0.0
80.0,429.0,0.0
81.0,429.0,0.0
82.0,429.0,0.0
83.0,429.0,0.0
84.0,429.0,0.0
85.0,429.0,0.0
86.0,429.0,0.0
87.0,429.0,0.0
88.0,429.0,0.0
89.0,429.0,0.0
90.0,429.0,0.0
91.0,429.0,0.0
92.0,429.0,0.0
93.0,429.0,0.0
94.0,429.0,0.0
95.0,429.0,1.0
96.0,429.0,2.0
97.0,429.0,3.0
98.0,429.0,4.0
99.0,429.0,5.0
100.0,429.0,6.0
101.0,429.0,7.0
102.0,429.0,8.0
103.0,429.0,9.0
104.0,429.0,10.0
105.0,429.0,11.0
106.0,429.0,12.0
107.0,429.0,13.0
108.0,429.0,14.0
109.0,429.0,15.0
110.0,429.0,16.0
111.0,429.0,17.0
112.0,429.0,18.0
113.0,429.0,19.0
114.0,429.0,20.0
115.0,429.0,21.0
116.0,429.0,22.0
117.0,429.0,23.0
118.0,429.0,24.0
119.0,429.0,25.0
120.0,429.0,26.0
121.0,429.0,27.0
122.0,429.0,28.0
123.0,429.0,29.0
124.0,429.0,30.0
125.0,429.0,31.0
126.0,429.0,32.0
127.0,429.0,33.0
128.0,429.0,34.0
129.0,429.0,35.0
130.0,429.0,36.0
131.0,429.0,37.0
132.0,429.0,38.0
133.0,429.0,39.0
134.0,429.0,40.0
135.0,429.0,41.0
136.0,429.0,42.0
137.0,429.0,43.0
138.0,429.0,44.0
139.0,429.0,45.0
140.0,429.0,46.0
141.0,429.0,47.0
142.0,429.0,48.0
143.0,429.0,49.0
144.0,429.0,50.0
145.0,429.0,51.0
146.0,429.0,52.0
147.0,429.0,53.0
148.0,429.0,54.0
149.0,429.0,55.0
150.0,429.0,56.0
151.0,429.0,57.0
152.0,429.0,58.0
153.0,429.0,59.0
154.0,429.0,60.0
155.0,429.0,61.0
156.0,429.0,62.0
157.0,429.0,63.0
158.0,429.0,64.0
159.0,429.0,65.0
160.0,429.0,66.0
161.0,429.0,67.0
162.0,429.0,68.0
163.0,429.0,69.0
164.0,429.0,70.0
165.0,429.0,71.0
166.0,429.0,72.0
167.0,429.0,73.0
168.0,429.0,74.0
169.0,429.0,75.0
170.0,429.0,76.0
171.0,429.0,77.0
172.0,429.0,78.0
173.0,429.0,79.0
174.0,429.0,80.0
175.0,429.0,81.0
176.0,429.0,82.0
177.0,429.0,83.0
178.0,429.0,84.0
179.0,429.0,85.0
180.0,429.0,86.0
181.0,429.0,87.0
182.0,429.0,88.0
183.0,429.0,89.0
184.0,429.0,90.0
185.0,429.0,91.0
186.0,429.0,92.0
187.0,429.0,93.0
188.0,429.0,94.0
189.0,429.0,95.0
190.0,429.0,96.0
191.0,429.0,97.0
192.0,429.0,98.0
193.0,429.0,99.0
194.0,429.0,100.0
195.0,429.0,101.0
196.0,429.0,102.0
197.0,429.0,103.0
198.0,429.0,104.0
199.0,429.0,105.0
200.0,429.0,106.0
201.0,429.0,107.0
202.0,429.0,108.0
203.0,429.0,109.0
204.0,429.0,110.0
205.0,429.0,111.0
206.0,429.0,112.0
207.0,429.0,113.0
208.0,429.0,114.0
209.0,429.0,115.0
210.0,429.0,116.0
211.0,429.0,117.0
212.0,429.0,118.0
213.0,429.0,119.0
214.0,429.0,120.0
215.0,429.0,121.0
216.0,429.0,122.0
217.0,429.0,123.0
218.0,429.0,124.0
219.0,429.0,125.0
220.0,429.0,126.0
221.0,429.0,127.0
222.0,429.0,128.0
223.0,429.0,129.0
224.0,429.0,130.0
225.0,429.0,131.0
226.0,429.0,132.0
227.0,429.0,133.0
228.0,429.0,134.0
229.0,429.0,135.0
230.0,429.0,136.0
231.0,429.0,137.0
232.0,429.0,138.0
233.0,429.0,139.0
234.0,429.0,140.0
235.0,429.0,141.0
236.0,429.0,142.0
237.0,429.0,143.0
238.0,429.0,144.0
239.0,429.0,145.0
240.0,429.0,146.0
241.0,429.0,147.0
242.0,429.0,148.0
243.0,429.0,149.0
244.0,429.0,150.0
245.0,429.0,151.0
246.0,429.0,152.0
247.0,429.0,153.0
248.0,429.0,154.0
249.0,429.0,155.0
250.0,429.0,156.0
251.0,429.0,157.0
252.0,429.0,158.0
253.0,429.0,159.0
254.0,429.0,160.0
255.0,429.0,161.0
256.0,429.0,162.0
257.0,429.0,163.0
258.0,429.0,164.0
259.0,429.0,165.0
260.0,429.0,166.0
261.0,429.0,167.0
262.0,429.0,168.0
263.0,429.0,169.0
264.0,429.0,170.0
265.0,429.0,171.0
266.0,429.0,172.0
267.0,429.0,173.0
268.0,429.0,174.0
269.0,429.0,175.0
270.0,429.0,176.0
271.0,429.0,177.0
272.0,429.0,178.0
273.0,429.0,179.0
274.0,429.0,180.0
275.0,429.0,181.0
276.0,429.0,182.0
277.0,429.0,183.0
278.0,429.0,184.0
279.0,429.0,185.0
280.0,429.0,186.0
281.0,429.0,187.0
282.0,429.0,188.0
283.0,429.0,189.0
284.0,429.0,190.0
285.0,429.0,191.0
286.0,429.0,192.0
287.0,429.0,193.0
288.0,429.0,194.0
289.0,429.0,195.0
290.0,429.0,196.0
291.0,429.0,197.0
292.0,429.0,198.0
293.0,429.0,199.0
294.0,429.0,200.0
295.0,429.0,201.0
296.0,429.0,202.0
297.0,429.0,203.0
298.0,429.0,204.0
299.0,429.0,205.0
300.0,429.0,206.0
301.0,429.0,207.0
302.0,429.0,208.0
303.0,429.0,209.0
304.0,429.0,210.0
305.0,429.0,211.0
306.0,429.0,212.0
307.0,429.0,213.0
308.0,429.0,214.0
309.0,429.0,215.0
310.0,429.0,216.0
311.0,429.0,217.0
312.0,429.0,218.0
313.0,429.0,219.0
314.0,429.0,220.0
315.0,429.0,221.0
316.0,429.0,222.0
317.0,429.0,223.0
318.0,429.0,224.0
319.0,429.0,225.0
320.0,429.0,226.0
321.0,429.0,227.0
322.0,429.0,228.0
323.0,429.0,229.0
324.0,429.0,230.0
325.0,429.0,231.0
326.0,429.0,232.0
327.0,429.0,233.0
328.0,429.0,234.0
329.0,429.0,235.0
330.0,429.0,236.0
331.0,429.0,237.0
332.0,429.0,238.0
333.0,429.0,239.0
334.0,429.0,240.0
335.0,429.0,241.0
336.0,429.0,242.0
337.0,429.0,243.0
338.0,429.0,244.0
339.0,429.0,245.0
340.0,429.0,246.0
341.0,429.0,247.0
342.0,429.0,248.0
343.0,429.0,249.0
344.0,429.0,250.0
345.0,429.0,251.0
346.0,429.0,252.0
347.0,429.0,253.0
348.0,429.0,254.0
349.0,429.0,255.0
350.0,429.0,256.0
351.0,429.0,257.0
352.0,429.0,258.0
353.0,429.0,259.0
354.0,429.0,260.0
355.0,429.0,261.0
356.0,429.0,262.0
357.0,429.0,263.0
358.0,429.0,264.0
359.0,429.0,265.0
360.0,429.0,266.0
361.0,429.0,267.0
362.0,429.0,268.0
363.0,429.0,269.0
364.0,429.0,270.0
365.0,429.0,271.0
366.0,429.0,272.0
367.0,429.0,273.0
368.0,429.0,274.0
369.0,429.0,275.0
370.0,429.0,276.0
371.0,429.0,277.0
372.0,429.0,278.0
373.0,429.0,279.0
374.0,429.0,280.0
375.0,429.0,281.0
376.0,429.0,282.0
377.0,429.0,283.0
378.0,429.0,284.0
379.0,429.0,285.0
380.0,429.0,286.0
381.0,429.0,287.0
382.0,429.0,288.0
383.0,429.0,289.0
384.0,429.0,290.0
385.0,429.0,291.0
386.0,429.0,292.0
387.0,429.0,293.0
388.0,429.0,294.0
389.0,429.0,295.0
390.0,429.0,296.0
391.0,429.0,297.0
392.0,429.0,298.0
393.0,429.0,299.0
394.0,429.0,300.0
395.0,429.0,301.0
396.0,429.0,302.0
